Time 0
Waiting clients: (49,3,1); (9,5,1); (24,5,5); (40,5,1); (6,6,5); (46,6,4); (3,7,3); (23,7,4); (27,7,2); (36,7,4); (38,7,3); (11,10,4); (22,10,3); (25,10,5); (45,10,3); (5,12,1); (50,13,7); (44,14,7); (48,14,7); (14,15,1); (26,16,2); (2,17,2); (7,17,5); (17,17,7); (20,17,1); (1,21,5); (31,21,1); (12,22,6); (32,22,1); (34,22,6); (42,22,3); (18,23,3); (37,23,7); (28,24,6); (29,25,4); (33,25,6); (35,27,1); (15,28,6); (10,29,2); (39,29,4); (41,29,3); (47,30,5); (4,31,3); (13,31,2); (30,32,2); (21,35,1); (43,36,7); (19,39,1); (8,40,5); (16,40,5); 
Queue 1: closed
Queue 2: closed
Queue 3: closed
Queue 4: closed
Queue 5: closed
Time 1
Waiting clients: (49,3,1); (9,5,1); (24,5,5); (40,5,1); (6,6,5); (46,6,4); (3,7,3); (23,7,4); (27,7,2); (36,7,4); (38,7,3); (11,10,4); (22,10,3); (25,10,5); (45,10,3); (5,12,1); (50,13,7); (44,14,7); (48,14,7); (14,15,1); (26,16,2); (2,17,2); (7,17,5); (17,17,7); (20,17,1); (1,21,5); (31,21,1); (12,22,6); (32,22,1); (34,22,6); (42,22,3); (18,23,3); (37,23,7); (28,24,6); (29,25,4); (33,25,6); (35,27,1); (15,28,6); (10,29,2); (39,29,4); (41,29,3); (47,30,5); (4,31,3); (13,31,2); (30,32,2); (21,35,1); (43,36,7); (19,39,1); (8,40,5); (16,40,5); 
Queue 1: closed
Queue 2: closed
Queue 3: closed
Queue 4: closed
Queue 5: closed
Time 2
Waiting clients: (49,3,1); (9,5,1); (24,5,5); (40,5,1); (6,6,5); (46,6,4); (3,7,3); (23,7,4); (27,7,2); (36,7,4); (38,7,3); (11,10,4); (22,10,3); (25,10,5); (45,10,3); (5,12,1); (50,13,7); (44,14,7); (48,14,7); (14,15,1); (26,16,2); (2,17,2); (7,17,5); (17,17,7); (20,17,1); (1,21,5); (31,21,1); (12,22,6); (32,22,1); (34,22,6); (42,22,3); (18,23,3); (37,23,7); (28,24,6); (29,25,4); (33,25,6); (35,27,1); (15,28,6); (10,29,2); (39,29,4); (41,29,3); (47,30,5); (4,31,3); (13,31,2); (30,32,2); (21,35,1); (43,36,7); (19,39,1); (8,40,5); (16,40,5); 
Queue 1: closed
Queue 2: closed
Queue 3: closed
Queue 4: closed
Queue 5: closed
Time 3
Waiting clients: (9,5,1); (24,5,5); (40,5,1); (6,6,5); (46,6,4); (3,7,3); (23,7,4); (27,7,2); (36,7,4); (38,7,3); (11,10,4); (22,10,3); (25,10,5); (45,10,3); (5,12,1); (50,13,7); (44,14,7); (48,14,7); (14,15,1); (26,16,2); (2,17,2); (7,17,5); (17,17,7); (20,17,1); (1,21,5); (31,21,1); (12,22,6); (32,22,1); (34,22,6); (42,22,3); (18,23,3); (37,23,7); (28,24,6); (29,25,4); (33,25,6); (35,27,1); (15,28,6); (10,29,2); (39,29,4); (41,29,3); (47,30,5); (4,31,3); (13,31,2); (30,32,2); (21,35,1); (43,36,7); (19,39,1); (8,40,5); (16,40,5); 
Queue 1: (49,3,1); 
Queue 2: closed
Queue 3: closed
Queue 4: closed
Queue 5: closed
Time 4
Waiting clients: (9,5,1); (24,5,5); (40,5,1); (6,6,5); (46,6,4); (3,7,3); (23,7,4); (27,7,2); (36,7,4); (38,7,3); (11,10,4); (22,10,3); (25,10,5); (45,10,3); (5,12,1); (50,13,7); (44,14,7); (48,14,7); (14,15,1); (26,16,2); (2,17,2); (7,17,5); (17,17,7); (20,17,1); (1,21,5); (31,21,1); (12,22,6); (32,22,1); (34,22,6); (42,22,3); (18,23,3); (37,23,7); (28,24,6); (29,25,4); (33,25,6); (35,27,1); (15,28,6); (10,29,2); (39,29,4); (41,29,3); (47,30,5); (4,31,3); (13,31,2); (30,32,2); (21,35,1); (43,36,7); (19,39,1); (8,40,5); (16,40,5); 
Queue 1: closed
Queue 2: closed
Queue 3: closed
Queue 4: closed
Queue 5: closed
Time 5
Waiting clients: (6,6,5); (46,6,4); (3,7,3); (23,7,4); (27,7,2); (36,7,4); (38,7,3); (11,10,4); (22,10,3); (25,10,5); (45,10,3); (5,12,1); (50,13,7); (44,14,7); (48,14,7); (14,15,1); (26,16,2); (2,17,2); (7,17,5); (17,17,7); (20,17,1); (1,21,5); (31,21,1); (12,22,6); (32,22,1); (34,22,6); (42,22,3); (18,23,3); (37,23,7); (28,24,6); (29,25,4); (33,25,6); (35,27,1); (15,28,6); (10,29,2); (39,29,4); (41,29,3); (47,30,5); (4,31,3); (13,31,2); (30,32,2); (21,35,1); (43,36,7); (19,39,1); (8,40,5); (16,40,5); 
Queue 1: (9,5,1); 
Queue 2: (24,5,5); 
Queue 3: (40,5,1); 
Queue 4: closed
Queue 5: closed
Time 6
Waiting clients: (3,7,3); (23,7,4); (27,7,2); (36,7,4); (38,7,3); (11,10,4); (22,10,3); (25,10,5); (45,10,3); (5,12,1); (50,13,7); (44,14,7); (48,14,7); (14,15,1); (26,16,2); (2,17,2); (7,17,5); (17,17,7); (20,17,1); (1,21,5); (31,21,1); (12,22,6); (32,22,1); (34,22,6); (42,22,3); (18,23,3); (37,23,7); (28,24,6); (29,25,4); (33,25,6); (35,27,1); (15,28,6); (10,29,2); (39,29,4); (41,29,3); (47,30,5); (4,31,3); (13,31,2); (30,32,2); (21,35,1); (43,36,7); (19,39,1); (8,40,5); (16,40,5); 
Queue 1: (6,6,5); 
Queue 2: (24,5,4); 
Queue 3: (46,6,4); 
Queue 4: closed
Queue 5: closed
Time 7
Waiting clients: (11,10,4); (22,10,3); (25,10,5); (45,10,3); (5,12,1); (50,13,7); (44,14,7); (48,14,7); (14,15,1); (26,16,2); (2,17,2); (7,17,5); (17,17,7); (20,17,1); (1,21,5); (31,21,1); (12,22,6); (32,22,1); (34,22,6); (42,22,3); (18,23,3); (37,23,7); (28,24,6); (29,25,4); (33,25,6); (35,27,1); (15,28,6); (10,29,2); (39,29,4); (41,29,3); (47,30,5); (4,31,3); (13,31,2); (30,32,2); (21,35,1); (43,36,7); (19,39,1); (8,40,5); (16,40,5); 
Queue 1: (6,6,4); 
Queue 2: (24,5,3); (27,7,2); 
Queue 3: (46,6,3); (36,7,4); 
Queue 4: (3,7,3); (38,7,3); 
Queue 5: (23,7,4); 
Time 8
Waiting clients: (11,10,4); (22,10,3); (25,10,5); (45,10,3); (5,12,1); (50,13,7); (44,14,7); (48,14,7); (14,15,1); (26,16,2); (2,17,2); (7,17,5); (17,17,7); (20,17,1); (1,21,5); (31,21,1); (12,22,6); (32,22,1); (34,22,6); (42,22,3); (18,23,3); (37,23,7); (28,24,6); (29,25,4); (33,25,6); (35,27,1); (15,28,6); (10,29,2); (39,29,4); (41,29,3); (47,30,5); (4,31,3); (13,31,2); (30,32,2); (21,35,1); (43,36,7); (19,39,1); (8,40,5); (16,40,5); 
Queue 1: (6,6,3); 
Queue 2: (24,5,2); (27,7,2); 
Queue 3: (46,6,2); (36,7,4); 
Queue 4: (3,7,2); (38,7,3); 
Queue 5: (23,7,3); 
Time 9
Waiting clients: (11,10,4); (22,10,3); (25,10,5); (45,10,3); (5,12,1); (50,13,7); (44,14,7); (48,14,7); (14,15,1); (26,16,2); (2,17,2); (7,17,5); (17,17,7); (20,17,1); (1,21,5); (31,21,1); (12,22,6); (32,22,1); (34,22,6); (42,22,3); (18,23,3); (37,23,7); (28,24,6); (29,25,4); (33,25,6); (35,27,1); (15,28,6); (10,29,2); (39,29,4); (41,29,3); (47,30,5); (4,31,3); (13,31,2); (30,32,2); (21,35,1); (43,36,7); (19,39,1); (8,40,5); (16,40,5); 
Queue 1: (6,6,2); 
Queue 2: (24,5,1); (27,7,2); 
Queue 3: (46,6,1); (36,7,4); 
Queue 4: (3,7,1); (38,7,3); 
Queue 5: (23,7,2); 
Time 10
Waiting clients: (5,12,1); (50,13,7); (44,14,7); (48,14,7); (14,15,1); (26,16,2); (2,17,2); (7,17,5); (17,17,7); (20,17,1); (1,21,5); (31,21,1); (12,22,6); (32,22,1); (34,22,6); (42,22,3); (18,23,3); (37,23,7); (28,24,6); (29,25,4); (33,25,6); (35,27,1); (15,28,6); (10,29,2); (39,29,4); (41,29,3); (47,30,5); (4,31,3); (13,31,2); (30,32,2); (21,35,1); (43,36,7); (19,39,1); (8,40,5); (16,40,5); 
Queue 1: (6,6,1); (11,10,4); 
Queue 2: (27,7,2); (25,10,5); 
Queue 3: (36,7,4); 
Queue 4: (38,7,3); (45,10,3); 
Queue 5: (23,7,1); (22,10,3); 
Time 11
Waiting clients: (5,12,1); (50,13,7); (44,14,7); (48,14,7); (14,15,1); (26,16,2); (2,17,2); (7,17,5); (17,17,7); (20,17,1); (1,21,5); (31,21,1); (12,22,6); (32,22,1); (34,22,6); (42,22,3); (18,23,3); (37,23,7); (28,24,6); (29,25,4); (33,25,6); (35,27,1); (15,28,6); (10,29,2); (39,29,4); (41,29,3); (47,30,5); (4,31,3); (13,31,2); (30,32,2); (21,35,1); (43,36,7); (19,39,1); (8,40,5); (16,40,5); 
Queue 1: (11,10,4); 
Queue 2: (27,7,1); (25,10,5); 
Queue 3: (36,7,3); 
Queue 4: (38,7,2); (45,10,3); 
Queue 5: (22,10,3); 
Time 12
Waiting clients: (50,13,7); (44,14,7); (48,14,7); (14,15,1); (26,16,2); (2,17,2); (7,17,5); (17,17,7); (20,17,1); (1,21,5); (31,21,1); (12,22,6); (32,22,1); (34,22,6); (42,22,3); (18,23,3); (37,23,7); (28,24,6); (29,25,4); (33,25,6); (35,27,1); (15,28,6); (10,29,2); (39,29,4); (41,29,3); (47,30,5); (4,31,3); (13,31,2); (30,32,2); (21,35,1); (43,36,7); (19,39,1); (8,40,5); (16,40,5); 
Queue 1: (11,10,3); 
Queue 2: (25,10,5); 
Queue 3: (36,7,2); (5,12,1); 
Queue 4: (38,7,1); (45,10,3); 
Queue 5: (22,10,2); 
Time 13
Waiting clients: (44,14,7); (48,14,7); (14,15,1); (26,16,2); (2,17,2); (7,17,5); (17,17,7); (20,17,1); (1,21,5); (31,21,1); (12,22,6); (32,22,1); (34,22,6); (42,22,3); (18,23,3); (37,23,7); (28,24,6); (29,25,4); (33,25,6); (35,27,1); (15,28,6); (10,29,2); (39,29,4); (41,29,3); (47,30,5); (4,31,3); (13,31,2); (30,32,2); (21,35,1); (43,36,7); (19,39,1); (8,40,5); (16,40,5); 
Queue 1: (11,10,2); 
Queue 2: (25,10,4); 
Queue 3: (36,7,1); (5,12,1); 
Queue 4: (45,10,3); 
Queue 5: (22,10,1); (50,13,7); 
Time 14
Waiting clients: (14,15,1); (26,16,2); (2,17,2); (7,17,5); (17,17,7); (20,17,1); (1,21,5); (31,21,1); (12,22,6); (32,22,1); (34,22,6); (42,22,3); (18,23,3); (37,23,7); (28,24,6); (29,25,4); (33,25,6); (35,27,1); (15,28,6); (10,29,2); (39,29,4); (41,29,3); (47,30,5); (4,31,3); (13,31,2); (30,32,2); (21,35,1); (43,36,7); (19,39,1); (8,40,5); (16,40,5); 
Queue 1: (11,10,1); (48,14,7); 
Queue 2: (25,10,3); 
Queue 3: (5,12,1); (44,14,7); 
Queue 4: (45,10,2); 
Queue 5: (50,13,7); 
Time 15
Waiting clients: (26,16,2); (2,17,2); (7,17,5); (17,17,7); (20,17,1); (1,21,5); (31,21,1); (12,22,6); (32,22,1); (34,22,6); (42,22,3); (18,23,3); (37,23,7); (28,24,6); (29,25,4); (33,25,6); (35,27,1); (15,28,6); (10,29,2); (39,29,4); (41,29,3); (47,30,5); (4,31,3); (13,31,2); (30,32,2); (21,35,1); (43,36,7); (19,39,1); (8,40,5); (16,40,5); 
Queue 1: (48,14,7); 
Queue 2: (25,10,2); 
Queue 3: (44,14,7); 
Queue 4: (45,10,1); (14,15,1); 
Queue 5: (50,13,6); 
Time 16
Waiting clients: (2,17,2); (7,17,5); (17,17,7); (20,17,1); (1,21,5); (31,21,1); (12,22,6); (32,22,1); (34,22,6); (42,22,3); (18,23,3); (37,23,7); (28,24,6); (29,25,4); (33,25,6); (35,27,1); (15,28,6); (10,29,2); (39,29,4); (41,29,3); (47,30,5); (4,31,3); (13,31,2); (30,32,2); (21,35,1); (43,36,7); (19,39,1); (8,40,5); (16,40,5); 
Queue 1: (48,14,6); 
Queue 2: (25,10,1); (26,16,2); 
Queue 3: (44,14,6); 
Queue 4: (14,15,1); 
Queue 5: (50,13,5); 
Time 17
Waiting clients: (1,21,5); (31,21,1); (12,22,6); (32,22,1); (34,22,6); (42,22,3); (18,23,3); (37,23,7); (28,24,6); (29,25,4); (33,25,6); (35,27,1); (15,28,6); (10,29,2); (39,29,4); (41,29,3); (47,30,5); (4,31,3); (13,31,2); (30,32,2); (21,35,1); (43,36,7); (19,39,1); (8,40,5); (16,40,5); 
Queue 1: (48,14,5); 
Queue 2: (26,16,2); (7,17,5); 
Queue 3: (44,14,5); 
Queue 4: (2,17,2); (17,17,7); 
Queue 5: (50,13,4); (20,17,1); 
Time 18
Waiting clients: (1,21,5); (31,21,1); (12,22,6); (32,22,1); (34,22,6); (42,22,3); (18,23,3); (37,23,7); (28,24,6); (29,25,4); (33,25,6); (35,27,1); (15,28,6); (10,29,2); (39,29,4); (41,29,3); (47,30,5); (4,31,3); (13,31,2); (30,32,2); (21,35,1); (43,36,7); (19,39,1); (8,40,5); (16,40,5); 
Queue 1: (48,14,4); 
Queue 2: (26,16,1); (7,17,5); 
Queue 3: (44,14,4); 
Queue 4: (2,17,1); (17,17,7); 
Queue 5: (50,13,3); (20,17,1); 
Time 19
Waiting clients: (1,21,5); (31,21,1); (12,22,6); (32,22,1); (34,22,6); (42,22,3); (18,23,3); (37,23,7); (28,24,6); (29,25,4); (33,25,6); (35,27,1); (15,28,6); (10,29,2); (39,29,4); (41,29,3); (47,30,5); (4,31,3); (13,31,2); (30,32,2); (21,35,1); (43,36,7); (19,39,1); (8,40,5); (16,40,5); 
Queue 1: (48,14,3); 
Queue 2: (7,17,5); 
Queue 3: (44,14,3); 
Queue 4: (17,17,7); 
Queue 5: (50,13,2); (20,17,1); 
Time 20
Waiting clients: (1,21,5); (31,21,1); (12,22,6); (32,22,1); (34,22,6); (42,22,3); (18,23,3); (37,23,7); (28,24,6); (29,25,4); (33,25,6); (35,27,1); (15,28,6); (10,29,2); (39,29,4); (41,29,3); (47,30,5); (4,31,3); (13,31,2); (30,32,2); (21,35,1); (43,36,7); (19,39,1); (8,40,5); (16,40,5); 
Queue 1: (48,14,2); 
Queue 2: (7,17,4); 
Queue 3: (44,14,2); 
Queue 4: (17,17,6); 
Queue 5: (50,13,1); (20,17,1); 
Time 21
Waiting clients: (12,22,6); (32,22,1); (34,22,6); (42,22,3); (18,23,3); (37,23,7); (28,24,6); (29,25,4); (33,25,6); (35,27,1); (15,28,6); (10,29,2); (39,29,4); (41,29,3); (47,30,5); (4,31,3); (13,31,2); (30,32,2); (21,35,1); (43,36,7); (19,39,1); (8,40,5); (16,40,5); 
Queue 1: (48,14,1); (1,21,5); 
Queue 2: (7,17,3); 
Queue 3: (44,14,1); (31,21,1); 
Queue 4: (17,17,5); 
Queue 5: (20,17,1); 
Time 22
Waiting clients: (18,23,3); (37,23,7); (28,24,6); (29,25,4); (33,25,6); (35,27,1); (15,28,6); (10,29,2); (39,29,4); (41,29,3); (47,30,5); (4,31,3); (13,31,2); (30,32,2); (21,35,1); (43,36,7); (19,39,1); (8,40,5); (16,40,5); 
Queue 1: (1,21,5); 
Queue 2: (7,17,2); (34,22,6); 
Queue 3: (31,21,1); (32,22,1); (42,22,3); 
Queue 4: (17,17,4); 
Queue 5: (12,22,6); 
Time 23
Waiting clients: (28,24,6); (29,25,4); (33,25,6); (35,27,1); (15,28,6); (10,29,2); (39,29,4); (41,29,3); (47,30,5); (4,31,3); (13,31,2); (30,32,2); (21,35,1); (43,36,7); (19,39,1); (8,40,5); (16,40,5); 
Queue 1: (1,21,4); (37,23,7); 
Queue 2: (7,17,1); (34,22,6); 
Queue 3: (32,22,1); (42,22,3); 
Queue 4: (17,17,3); (18,23,3); 
Queue 5: (12,22,5); 
Time 24
Waiting clients: (29,25,4); (33,25,6); (35,27,1); (15,28,6); (10,29,2); (39,29,4); (41,29,3); (47,30,5); (4,31,3); (13,31,2); (30,32,2); (21,35,1); (43,36,7); (19,39,1); (8,40,5); (16,40,5); 
Queue 1: (1,21,3); (37,23,7); 
Queue 2: (34,22,6); 
Queue 3: (42,22,3); (28,24,6); 
Queue 4: (17,17,2); (18,23,3); 
Queue 5: (12,22,4); 
Time 25
Waiting clients: (35,27,1); (15,28,6); (10,29,2); (39,29,4); (41,29,3); (47,30,5); (4,31,3); (13,31,2); (30,32,2); (21,35,1); (43,36,7); (19,39,1); (8,40,5); (16,40,5); 
Queue 1: (1,21,2); (37,23,7); 
Queue 2: (34,22,5); 
Queue 3: (42,22,2); (28,24,6); 
Queue 4: (17,17,1); (18,23,3); (33,25,6); 
Queue 5: (12,22,3); (29,25,4); 
Time 26
Waiting clients: (35,27,1); (15,28,6); (10,29,2); (39,29,4); (41,29,3); (47,30,5); (4,31,3); (13,31,2); (30,32,2); (21,35,1); (43,36,7); (19,39,1); (8,40,5); (16,40,5); 
Queue 1: (1,21,1); (37,23,7); 
Queue 2: (34,22,4); 
Queue 3: (42,22,1); (28,24,6); 
Queue 4: (18,23,3); (33,25,6); 
Queue 5: (12,22,2); (29,25,4); 
Time 27
Waiting clients: (15,28,6); (10,29,2); (39,29,4); (41,29,3); (47,30,5); (4,31,3); (13,31,2); (30,32,2); (21,35,1); (43,36,7); (19,39,1); (8,40,5); (16,40,5); 
Queue 1: (37,23,7); 
Queue 2: (34,22,3); (35,27,1); 
Queue 3: (28,24,6); 
Queue 4: (18,23,2); (33,25,6); 
Queue 5: (12,22,1); (29,25,4); 
Time 28
Waiting clients: (10,29,2); (39,29,4); (41,29,3); (47,30,5); (4,31,3); (13,31,2); (30,32,2); (21,35,1); (43,36,7); (19,39,1); (8,40,5); (16,40,5); 
Queue 1: (37,23,6); 
Queue 2: (34,22,2); (35,27,1); (15,28,6); 
Queue 3: (28,24,5); 
Queue 4: (18,23,1); (33,25,6); 
Queue 5: (29,25,4); 
Time 29
Waiting clients: (47,30,5); (4,31,3); (13,31,2); (30,32,2); (21,35,1); (43,36,7); (19,39,1); (8,40,5); (16,40,5); 
Queue 1: (37,23,5); (41,29,3); 
Queue 2: (34,22,1); (35,27,1); (15,28,6); 
Queue 3: (28,24,4); (39,29,4); 
Queue 4: (33,25,6); 
Queue 5: (29,25,3); (10,29,2); 
Time 30
Waiting clients: (4,31,3); (13,31,2); (30,32,2); (21,35,1); (43,36,7); (19,39,1); (8,40,5); (16,40,5); 
Queue 1: (37,23,4); (41,29,3); 
Queue 2: (35,27,1); (15,28,6); 
Queue 3: (28,24,3); (39,29,4); 
Queue 4: (33,25,5); 
Queue 5: (29,25,2); (10,29,2); (47,30,5); 
Time 31
Waiting clients: (30,32,2); (21,35,1); (43,36,7); (19,39,1); (8,40,5); (16,40,5); 
Queue 1: (37,23,3); (41,29,3); (13,31,2); 
Queue 2: (15,28,6); 
Queue 3: (28,24,2); (39,29,4); 
Queue 4: (33,25,4); (4,31,3); 
Queue 5: (29,25,1); (10,29,2); (47,30,5); 
Time 32
Waiting clients: (21,35,1); (43,36,7); (19,39,1); (8,40,5); (16,40,5); 
Queue 1: (37,23,2); (41,29,3); (13,31,2); 
Queue 2: (15,28,5); (30,32,2); 
Queue 3: (28,24,1); (39,29,4); 
Queue 4: (33,25,3); (4,31,3); 
Queue 5: (10,29,2); (47,30,5); 
Time 33
Waiting clients: (21,35,1); (43,36,7); (19,39,1); (8,40,5); (16,40,5); 
Queue 1: (37,23,1); (41,29,3); (13,31,2); 
Queue 2: (15,28,4); (30,32,2); 
Queue 3: (39,29,4); 
Queue 4: (33,25,2); (4,31,3); 
Queue 5: (10,29,1); (47,30,5); 
Time 34
Waiting clients: (21,35,1); (43,36,7); (19,39,1); (8,40,5); (16,40,5); 
Queue 1: (41,29,3); (13,31,2); 
Queue 2: (15,28,3); (30,32,2); 
Queue 3: (39,29,3); 
Queue 4: (33,25,1); (4,31,3); 
Queue 5: (47,30,5); 
Time 35
Waiting clients: (43,36,7); (19,39,1); (8,40,5); (16,40,5); 
Queue 1: (41,29,2); (13,31,2); 
Queue 2: (15,28,2); (30,32,2); 
Queue 3: (39,29,2); (21,35,1); 
Queue 4: (4,31,3); 
Queue 5: (47,30,4); 
Time 36
Waiting clients: (19,39,1); (8,40,5); (16,40,5); 
Queue 1: (41,29,1); (13,31,2); 
Queue 2: (15,28,1); (30,32,2); 
Queue 3: (39,29,1); (21,35,1); (43,36,7); 
Queue 4: (4,31,2); 
Queue 5: (47,30,3); 
Time 37
Waiting clients: (19,39,1); (8,40,5); (16,40,5); 
Queue 1: (13,31,2); 
Queue 2: (30,32,2); 
Queue 3: (21,35,1); (43,36,7); 
Queue 4: (4,31,1); 
Queue 5: (47,30,2); 
Time 38
Waiting clients: (19,39,1); (8,40,5); (16,40,5); 
Queue 1: (13,31,1); 
Queue 2: (30,32,1); 
Queue 3: (43,36,7); 
Queue 4: closed
Queue 5: (47,30,1); 
Time 39
Waiting clients: (8,40,5); (16,40,5); 
Queue 1: (19,39,1); 
Queue 2: closed
Queue 3: (43,36,6); 
Queue 4: closed
Queue 5: closed
Time 40
Waiting clients: none
Queue 1: (8,40,5); 
Queue 2: (16,40,5); 
Queue 3: (43,36,5); 
Queue 4: closed
Queue 5: closed
Time 41
Waiting clients: none
Queue 1: (8,40,4); 
Queue 2: (16,40,4); 
Queue 3: (43,36,4); 
Queue 4: closed
Queue 5: closed
Time 42
Waiting clients: none
Queue 1: (8,40,3); 
Queue 2: (16,40,3); 
Queue 3: (43,36,3); 
Queue 4: closed
Queue 5: closed
Time 43
Waiting clients: none
Queue 1: (8,40,2); 
Queue 2: (16,40,2); 
Queue 3: (43,36,2); 
Queue 4: closed
Queue 5: closed
Time 44
Waiting clients: none
Queue 1: (8,40,1); 
Queue 2: (16,40,1); 
Queue 3: (43,36,1); 
Queue 4: closed
Queue 5: closed
Time 45
Waiting clients: none
Queue 1: closed
Queue 2: closed
Queue 3: closed
Queue 4: closed
Queue 5: closed
Average waiting time:
5,58
Average service time:
3,66
Peak Hour:
31
Number of clients at peak hour:
11